python main.py --case casino --stadium config_bayesian --leng_limit 20 --train_rounds 5000 --test_rounds 500 --vb_highest 10 --vb_lowest 10 --vb_collect --save;
Training Rounds
Testing Rounds


Testing Scores



WORST 10 AGENTS
+------------+----------+--------------------+----------------+--------------------+-------------+
| Agent Type | Agent ID | Negotiation Reward | Length Penalty |  Fairness Penalty  | Final Score |
+------------+----------+--------------------+----------------+--------------------+-------------+
|  Dataset   |    0     |        5072        |    -1404.8     | -259.4999999999999 |   3407.7    |
|  Bayesian  |    1     |        5681        |    -1404.8     | -259.4999999999999 |   4016.7    |
+------------+----------+--------------------+----------------+--------------------+-------------+



BEST 10 AGENTS
+------------+----------+--------------------+----------------+--------------------+-------------+
| Agent Type | Agent ID | Negotiation Reward | Length Penalty |  Fairness Penalty  | Final Score |
+------------+----------+--------------------+----------------+--------------------+-------------+
|  Bayesian  |    1     |        5681        |    -1404.8     | -259.4999999999999 |   4016.7    |
|  Dataset   |    0     |        5072        |    -1404.8     | -259.4999999999999 |   3407.7    |
+------------+----------+--------------------+----------------+--------------------+-------------+



COMBINED SCORE FOR EVERY AGENT TYPE
+------------+----------+--------------------+----------------+--------------------+-------------+
| Agent Type | Agent ID | Negotiation Reward | Length Penalty |  Fairness Penalty  | Final Score |
+------------+----------+--------------------+----------------+--------------------+-------------+
|  Bayesian  |          |       5681.0       |    -1404.8     | -259.4999999999999 |   4016.7    |
|  Dataset   |          |       5072.0       |    -1404.8     | -259.4999999999999 |   3407.7    |
+------------+----------+--------------------+----------------+--------------------+-------------+


python main.py --case casino --stadium config_imitation --leng_limit 20 --train_rounds 5000 --test_rounds 500 --vb_highest 10 --vb_lowest 10 --vb_collect --save;
Training Rounds
Testing Rounds


Testing Scores



WORST 10 AGENTS
+------------+----------+--------------------+---------------------+---------------------+-------------------+
| Agent Type | Agent ID | Negotiation Reward |   Length Penalty    |  Fairness Penalty   |    Final Score    |
+------------+----------+--------------------+---------------------+---------------------+-------------------+
|  Dataset   |    0     |        9096        | -1362.0000000000014 | -221.80000000000035 | 7512.199999999998 |
| Imitation  |    1     |        9300        | -1362.0000000000014 | -221.80000000000035 | 7716.199999999998 |
+------------+----------+--------------------+---------------------+---------------------+-------------------+



BEST 10 AGENTS
+------------+----------+--------------------+---------------------+---------------------+-------------------+
| Agent Type | Agent ID | Negotiation Reward |   Length Penalty    |  Fairness Penalty   |    Final Score    |
+------------+----------+--------------------+---------------------+---------------------+-------------------+
| Imitation  |    1     |        9300        | -1362.0000000000014 | -221.80000000000035 | 7716.199999999998 |
|  Dataset   |    0     |        9096        | -1362.0000000000014 | -221.80000000000035 | 7512.199999999998 |
+------------+----------+--------------------+---------------------+---------------------+-------------------+



COMBINED SCORE FOR EVERY AGENT TYPE
+------------+----------+--------------------+---------------------+---------------------+-------------------+
| Agent Type | Agent ID | Negotiation Reward |   Length Penalty    |  Fairness Penalty   |    Final Score    |
+------------+----------+--------------------+---------------------+---------------------+-------------------+
| Imitation  |          |       9300.0       | -1362.0000000000014 | -221.80000000000035 | 7716.199999999998 |
|  Dataset   |          |       9096.0       | -1362.0000000000014 | -221.80000000000035 | 7512.199999999998 |
+------------+----------+--------------------+---------------------+---------------------+-------------------+



python main.py --case casino --stadium config_mcts --leng_limit 20 --train_rounds 5000 --test_rounds 500 --vb_highest 10 --vb_lowest 10 --vb_collect --save;
Training Rounds
Testing Rounds


Testing Scores



WORST 10 AGENTS
+------------+----------+--------------------+---------------------+---------------------+-------------------+
| Agent Type | Agent ID | Negotiation Reward |   Length Penalty    |  Fairness Penalty   |    Final Score    |
+------------+----------+--------------------+---------------------+---------------------+-------------------+
|  Dataset   |    0     |        8942        | -1362.0000000000014 | -391.09999999999906 | 7188.899999999999 |
|    MCTS    |    1     |        8995        | -1362.0000000000014 | -391.09999999999906 | 7241.899999999999 |
+------------+----------+--------------------+---------------------+---------------------+-------------------+



BEST 10 AGENTS
+------------+----------+--------------------+---------------------+---------------------+-------------------+
| Agent Type | Agent ID | Negotiation Reward |   Length Penalty    |  Fairness Penalty   |    Final Score    |
+------------+----------+--------------------+---------------------+---------------------+-------------------+
|    MCTS    |    1     |        8995        | -1362.0000000000014 | -391.09999999999906 | 7241.899999999999 |
|  Dataset   |    0     |        8942        | -1362.0000000000014 | -391.09999999999906 | 7188.899999999999 |
+------------+----------+--------------------+---------------------+---------------------+-------------------+



COMBINED SCORE FOR EVERY AGENT TYPE
+------------+----------+--------------------+---------------------+---------------------+-------------------+
| Agent Type | Agent ID | Negotiation Reward |   Length Penalty    |  Fairness Penalty   |    Final Score    |
+------------+----------+--------------------+---------------------+---------------------+-------------------+
|    MCTS    |          |       8995.0       | -1362.0000000000014 | -391.09999999999906 | 7241.899999999999 |
|  Dataset   |          |       8942.0       | -1362.0000000000014 | -391.09999999999906 | 7188.899999999999 |
+------------+----------+--------------------+---------------------+---------------------+-------------------+



python main.py --case casino --stadium config_qlearning --leng_limit 20 --train_rounds 5000 --test_rounds 500 --vb_highest 10 --vb_lowest 10 --vb_collect --save;
Training Rounds
Testing Rounds


Testing Scores



WORST 10 AGENTS
+------------+----------+--------------------+---------------------+--------------------+-------------------+
| Agent Type | Agent ID | Negotiation Reward |   Length Penalty    |  Fairness Penalty  |    Final Score    |
+------------+----------+--------------------+---------------------+--------------------+-------------------+
|  Dataset   |    0     |        2669        | -1419.7999999999984 | -314.1999999999999 | 935.0000000000018 |
| Q Learning |    1     |        5203        | -1419.7999999999984 | -314.1999999999999 | 3469.000000000002 |
+------------+----------+--------------------+---------------------+--------------------+-------------------+



BEST 10 AGENTS
+------------+----------+--------------------+---------------------+--------------------+-------------------+
| Agent Type | Agent ID | Negotiation Reward |   Length Penalty    |  Fairness Penalty  |    Final Score    |
+------------+----------+--------------------+---------------------+--------------------+-------------------+
| Q Learning |    1     |        5203        | -1419.7999999999984 | -314.1999999999999 | 3469.000000000002 |
|  Dataset   |    0     |        2669        | -1419.7999999999984 | -314.1999999999999 | 935.0000000000018 |
+------------+----------+--------------------+---------------------+--------------------+-------------------+



COMBINED SCORE FOR EVERY AGENT TYPE
+------------+----------+--------------------+---------------------+--------------------+-------------------+
| Agent Type | Agent ID | Negotiation Reward |   Length Penalty    |  Fairness Penalty  |    Final Score    |
+------------+----------+--------------------+---------------------+--------------------+-------------------+
| Q Learning |          |       5203.0       | -1419.7999999999984 | -314.1999999999999 | 3469.000000000002 |
|  Dataset   |          |       2669.0       | -1419.7999999999984 | -314.1999999999999 | 935.0000000000018 |
+------------+----------+--------------------+---------------------+--------------------+-------------------+



python main.py --case casino --stadium config_deepqlearning --leng_limit 20 --train_rounds 5000 --test_rounds 500 --vb_highest 10 --vb_lowest 10 --vb_collect --save;
Training Rounds
Testing Rounds


Testing Scores



WORST 10 AGENTS
+-----------------+----------+--------------------+---------------------+--------------------+--------------------+
|   Agent Type    | Agent ID | Negotiation Reward |   Length Penalty    |  Fairness Penalty  |    Final Score     |
+-----------------+----------+--------------------+---------------------+--------------------+--------------------+
|     Dataset     |    0     |        5910        | -1358.0000000000016 | -763.3999999999978 | 3788.6000000000004 |
| Deep Q Learning |    1     |       12218        | -1358.0000000000016 | -763.3999999999978 |      10096.6       |
+-----------------+----------+--------------------+---------------------+--------------------+--------------------+



BEST 10 AGENTS
+-----------------+----------+--------------------+---------------------+--------------------+--------------------+
|   Agent Type    | Agent ID | Negotiation Reward |   Length Penalty    |  Fairness Penalty  |    Final Score     |
+-----------------+----------+--------------------+---------------------+--------------------+--------------------+
| Deep Q Learning |    1     |       12218        | -1358.0000000000016 | -763.3999999999978 |      10096.6       |
|     Dataset     |    0     |        5910        | -1358.0000000000016 | -763.3999999999978 | 3788.6000000000004 |
+-----------------+----------+--------------------+---------------------+--------------------+--------------------+



COMBINED SCORE FOR EVERY AGENT TYPE
+-----------------+----------+--------------------+---------------------+--------------------+--------------------+
|   Agent Type    | Agent ID | Negotiation Reward |   Length Penalty    |  Fairness Penalty  |    Final Score     |
+-----------------+----------+--------------------+---------------------+--------------------+--------------------+
| Deep Q Learning |          |      12218.0       | -1358.0000000000016 | -763.3999999999978 |      10096.6       |
|     Dataset     |          |       5910.0       | -1358.0000000000016 | -763.3999999999978 | 3788.6000000000004 |
+-----------------+----------+--------------------+---------------------+--------------------+--------------------+



python main.py --case casino --stadium config_all_dataset_test --leng_limit 20 --train_rounds 0 --test_rounds 500 --vb_highest 10 --vb_lowest 10 --vb_collect;
Training Rounds
Testing Rounds


Testing Scores



WORST 10 AGENTS
+-----------------+----------+--------------------+---------------------+---------------------+--------------------+
|   Agent Type    | Agent ID | Negotiation Reward |   Length Penalty    |  Fairness Penalty   |    Final Score     |
+-----------------+----------+--------------------+---------------------+---------------------+--------------------+
|   Q Learning    |    3     |        3153        | -1544.800000000005  | -390.0999999999997  | 1218.0999999999954 |
|    Imitation    |    1     |        6064        | -1425.600000000006  | -244.9000000000001  | 4393.4999999999945 |
|     Dataset     |    5     |        6188        |       -1391.0       | -380.59999999999945 | 4416.400000000001  |
|    Bayesian     |    0     |        6446        | -1427.8000000000036 | -352.4999999999999  | 4665.699999999996  |
| Deep Q Learning |    4     |        7001        | -1603.600000000006  | -462.2999999999997  | 4935.099999999995  |
|      MCTS       |    2     |        7172        | -1234.000000000002  |       -563.2        | 5374.799999999998  |
+-----------------+----------+--------------------+---------------------+---------------------+--------------------+



BEST 10 AGENTS
+-----------------+----------+--------------------+---------------------+---------------------+--------------------+
|   Agent Type    | Agent ID | Negotiation Reward |   Length Penalty    |  Fairness Penalty   |    Final Score     |
+-----------------+----------+--------------------+---------------------+---------------------+--------------------+
|      MCTS       |    2     |        7172        | -1234.000000000002  |       -563.2        | 5374.799999999998  |
| Deep Q Learning |    4     |        7001        | -1603.600000000006  | -462.2999999999997  | 4935.099999999995  |
|    Bayesian     |    0     |        6446        | -1427.8000000000036 | -352.4999999999999  | 4665.699999999996  |
|     Dataset     |    5     |        6188        |       -1391.0       | -380.59999999999945 | 4416.400000000001  |
|    Imitation    |    1     |        6064        | -1425.600000000006  | -244.9000000000001  | 4393.4999999999945 |
|   Q Learning    |    3     |        3153        | -1544.800000000005  | -390.0999999999997  | 1218.0999999999954 |
+-----------------+----------+--------------------+---------------------+---------------------+--------------------+



COMBINED SCORE FOR EVERY AGENT TYPE
+-----------------+----------+--------------------+---------------------+---------------------+--------------------+
|   Agent Type    | Agent ID | Negotiation Reward |   Length Penalty    |  Fairness Penalty   |    Final Score     |
+-----------------+----------+--------------------+---------------------+---------------------+--------------------+
|      MCTS       |          |       7172.0       | -1234.000000000002  |       -563.2        | 5374.799999999998  |
| Deep Q Learning |          |       7001.0       | -1603.600000000006  | -462.2999999999997  | 4935.099999999995  |
|    Bayesian     |          |       6446.0       | -1427.8000000000036 | -352.4999999999999  | 4665.699999999996  |
|     Dataset     |          |       6188.0       |       -1391.0       | -380.59999999999945 | 4416.400000000001  |
|    Imitation    |          |       6064.0       | -1425.600000000006  | -244.9000000000001  | 4393.4999999999945 |
|   Q Learning    |          |       3153.0       | -1544.800000000005  | -390.0999999999997  | 1218.0999999999954 |
+-----------------+----------+--------------------+---------------------+---------------------+--------------------+



python main.py --case casino --stadium config_all_society_train --leng_limit 20 --train_rounds 5000 --test_rounds 500 --vb_highest 10 --vb_lowest 10 --vb_collect --save;
Training Rounds
Testing Rounds


Testing Scores



WORST 10 AGENTS
+-----------------+----------+--------------------+---------------------+---------------------+-------------------+
|   Agent Type    | Agent ID | Negotiation Reward |   Length Penalty    |  Fairness Penalty   |    Final Score    |
+-----------------+----------+--------------------+---------------------+---------------------+-------------------+
|   Q Learning    |    3     |        3925        | -1365.000000000006  | -351.90000000000003 | 2208.099999999994 |
|     Dataset     |    5     |        7414        | -1384.3999999999994 | -281.9999999999999  |      5747.6       |
| Deep Q Learning |    4     |        7739        | -1049.0000000000014 | -361.20000000000016 | 6328.799999999998 |
|    Bayesian     |    0     |        8044        | -1241.6000000000001 | -396.1999999999996  |      6406.2       |
|      MCTS       |    2     |        8133        | -1066.0000000000011 | -505.09999999999957 |      6561.9       |
|    Imitation    |    1     |        8321        | -1173.200000000003  | -321.99999999999955 | 6825.799999999997 |
+-----------------+----------+--------------------+---------------------+---------------------+-------------------+



BEST 10 AGENTS
+-----------------+----------+--------------------+---------------------+---------------------+-------------------+
|   Agent Type    | Agent ID | Negotiation Reward |   Length Penalty    |  Fairness Penalty   |    Final Score    |
+-----------------+----------+--------------------+---------------------+---------------------+-------------------+
|    Imitation    |    1     |        8321        | -1173.200000000003  | -321.99999999999955 | 6825.799999999997 |
|      MCTS       |    2     |        8133        | -1066.0000000000011 | -505.09999999999957 |      6561.9       |
|    Bayesian     |    0     |        8044        | -1241.6000000000001 | -396.1999999999996  |      6406.2       |
| Deep Q Learning |    4     |        7739        | -1049.0000000000014 | -361.20000000000016 | 6328.799999999998 |
|     Dataset     |    5     |        7414        | -1384.3999999999994 | -281.9999999999999  |      5747.6       |
|   Q Learning    |    3     |        3925        | -1365.000000000006  | -351.90000000000003 | 2208.099999999994 |
+-----------------+----------+--------------------+---------------------+---------------------+-------------------+



COMBINED SCORE FOR EVERY AGENT TYPE
+-----------------+----------+--------------------+---------------------+---------------------+-------------------+
|   Agent Type    | Agent ID | Negotiation Reward |   Length Penalty    |  Fairness Penalty   |    Final Score    |
+-----------------+----------+--------------------+---------------------+---------------------+-------------------+
|    Imitation    |          |       8321.0       | -1173.200000000003  | -321.99999999999955 | 6825.799999999997 |
|      MCTS       |          |       8133.0       | -1066.0000000000011 | -505.09999999999957 |      6561.9       |
|    Bayesian     |          |       8044.0       | -1241.6000000000001 | -396.1999999999996  |      6406.2       |
| Deep Q Learning |          |       7739.0       | -1049.0000000000014 | -361.20000000000016 | 6328.799999999998 |
|     Dataset     |          |       7414.0       | -1384.3999999999994 | -281.9999999999999  |      5747.6       |
|   Q Learning    |          |       3925.0       | -1365.000000000006  | -351.90000000000003 | 2208.099999999994 |
+-----------------+----------+--------------------+---------------------+---------------------+-------------------+



python main.py --case casino --stadium config_all_society_test --leng_limit 20 --train_rounds 0 --test_rounds 500 --vb_highest 10 --vb_lowest 10 --vb_collect;
Training Rounds
Testing Rounds


Testing Scores



WORST 10 AGENTS
+-----------------+----------+--------------------+---------------------+---------------------+-------------------+
|   Agent Type    | Agent ID | Negotiation Reward |   Length Penalty    |  Fairness Penalty   |    Final Score    |
+-----------------+----------+--------------------+---------------------+---------------------+-------------------+
|   Q Learning    |    3     |        4065        | -1341.200000000005  | -344.09999999999997 | 2379.699999999995 |
|     Dataset     |    5     |        7432        |       -1389.2       | -278.2999999999998  |      5764.5       |
| Deep Q Learning |    4     |        7730        | -1029.000000000001  | -330.8000000000003  | 6370.199999999999 |
|    Bayesian     |    0     |        8077        | -1236.000000000002  | -376.09999999999945 | 6464.899999999999 |
|      MCTS       |    2     |        8219        | -1048.0000000000005 | -463.0999999999992  | 6707.900000000001 |
|    Imitation    |    1     |        8362        | -1142.200000000002  | -311.40000000000003 | 6908.399999999998 |
+-----------------+----------+--------------------+---------------------+---------------------+-------------------+



BEST 10 AGENTS
+-----------------+----------+--------------------+---------------------+---------------------+-------------------+
|   Agent Type    | Agent ID | Negotiation Reward |   Length Penalty    |  Fairness Penalty   |    Final Score    |
+-----------------+----------+--------------------+---------------------+---------------------+-------------------+
|    Imitation    |    1     |        8362        | -1142.200000000002  | -311.40000000000003 | 6908.399999999998 |
|      MCTS       |    2     |        8219        | -1048.0000000000005 | -463.0999999999992  | 6707.900000000001 |
|    Bayesian     |    0     |        8077        | -1236.000000000002  | -376.09999999999945 | 6464.899999999999 |
| Deep Q Learning |    4     |        7730        | -1029.000000000001  | -330.8000000000003  | 6370.199999999999 |
|     Dataset     |    5     |        7432        |       -1389.2       | -278.2999999999998  |      5764.5       |
|   Q Learning    |    3     |        4065        | -1341.200000000005  | -344.09999999999997 | 2379.699999999995 |
+-----------------+----------+--------------------+---------------------+---------------------+-------------------+



COMBINED SCORE FOR EVERY AGENT TYPE
+-----------------+----------+--------------------+---------------------+---------------------+-------------------+
|   Agent Type    | Agent ID | Negotiation Reward |   Length Penalty    |  Fairness Penalty   |    Final Score    |
+-----------------+----------+--------------------+---------------------+---------------------+-------------------+
|    Imitation    |          |       8362.0       | -1142.200000000002  | -311.40000000000003 | 6908.399999999998 |
|      MCTS       |          |       8219.0       | -1048.0000000000005 | -463.0999999999992  | 6707.900000000001 |
|    Bayesian     |          |       8077.0       | -1236.000000000002  | -376.09999999999945 | 6464.899999999999 |
| Deep Q Learning |          |       7730.0       | -1029.000000000001  | -330.8000000000003  | 6370.199999999999 |
|     Dataset     |          |       7432.0       |       -1389.2       | -278.2999999999998  |      5764.5       |
|   Q Learning    |          |       4065.0       | -1341.200000000005  | -344.09999999999997 | 2379.699999999995 |
+-----------------+----------+--------------------+---------------------+---------------------+-------------------+



python main.py --case casino --stadium config_all_test --leng_limit 20 --train_rounds 0 --test_rounds 500 --vb_highest 10 --vb_lowest 10 --vb_collect;
Training Rounds
Testing Rounds


Testing Scores



WORST 10 AGENTS
+-----------------+----------+--------------------+---------------------+---------------------+--------------------+
|   Agent Type    | Agent ID | Negotiation Reward |   Length Penalty    |  Fairness Penalty   |    Final Score     |
+-----------------+----------+--------------------+---------------------+---------------------+--------------------+
|   Q Learning    |    4     |        2944        | -1548.4000000000067 | -366.5000000000002  | 1029.099999999993  |
|   Q Learning    |    1     |        3120        | -1491.0000000000075 |       -337.1        | 1291.8999999999924 |
| Deep Q Learning |    5     |        7131        | -1527.0000000000084 | -464.90000000000003 | 5139.099999999992  |
| Deep Q Learning |    2     |        6721        | -1132.800000000004  | -349.30000000000007 | 5238.899999999996  |
|      MCTS       |    0     |        7686        | -1101.2000000000023 | -518.1999999999995  | 6066.599999999998  |
|      MCTS       |    3     |        7717        | -1115.200000000002  |       -531.0        | 6070.799999999997  |
+-----------------+----------+--------------------+---------------------+---------------------+--------------------+



BEST 10 AGENTS
+-----------------+----------+--------------------+---------------------+---------------------+--------------------+
|   Agent Type    | Agent ID | Negotiation Reward |   Length Penalty    |  Fairness Penalty   |    Final Score     |
+-----------------+----------+--------------------+---------------------+---------------------+--------------------+
|      MCTS       |    3     |        7717        | -1115.200000000002  |       -531.0        | 6070.799999999997  |
|      MCTS       |    0     |        7686        | -1101.2000000000023 | -518.1999999999995  | 6066.599999999998  |
| Deep Q Learning |    2     |        6721        | -1132.800000000004  | -349.30000000000007 | 5238.899999999996  |
| Deep Q Learning |    5     |        7131        | -1527.0000000000084 | -464.90000000000003 | 5139.099999999992  |
|   Q Learning    |    1     |        3120        | -1491.0000000000075 |       -337.1        | 1291.8999999999924 |
|   Q Learning    |    4     |        2944        | -1548.4000000000067 | -366.5000000000002  | 1029.099999999993  |
+-----------------+----------+--------------------+---------------------+---------------------+--------------------+



COMBINED SCORE FOR EVERY AGENT TYPE
+-----------------+----------+--------------------+--------------------+---------------------+-------------------+
|   Agent Type    | Agent ID | Negotiation Reward |   Length Penalty   |  Fairness Penalty   |    Final Score    |
+-----------------+----------+--------------------+--------------------+---------------------+-------------------+
|      MCTS       |          |      3850.75       | -554.100000000001  | -262.29999999999984 | 3034.349999999999 |
| Deep Q Learning |          |       3463.0       | -664.9500000000031 |       -203.55       | 2594.499999999997 |
|   Q Learning    |          |       1516.0       | -759.8500000000035 | -175.90000000000006 | 580.2499999999964 |
+-----------------+----------+--------------------+--------------------+---------------------+-------------------+



python main.py --case casino --stadium config_mctssociety_test --leng_limit 20 --train_rounds 0 --test_rounds 500 --vb_highest 10 --vb_lowest 10 --vb_collect;
Training Rounds
0it [00:00, ?it/s]
Testing Rounds
100%|████████████████████████████████████████████████████████████████████████████████████████████████████████████████████████████████████████████████████████████████| 500/500 [05:06<00:00,  1.63it/s]


Testing Scores



WORST 10 AGENTS
+-----------------+----------+--------------------+---------------------+--------------------+--------------------+
|   Agent Type    | Agent ID | Negotiation Reward |   Length Penalty    |  Fairness Penalty  |    Final Score     |
+-----------------+----------+--------------------+---------------------+--------------------+--------------------+
|   Q Learning    |    2     |        3640        | -1391.6000000000056 | -526.0999999999995 | 1722.2999999999947 |
|      MCTS       |    1     |        7054        | -1211.6000000000026 | -583.3999999999993 | 5258.999999999998  |
|      MCTS       |    0     |        7051        | -1169.400000000002  | -602.4999999999998 | 5279.0999999999985 |
| Deep Q Learning |    3     |        7903        | -1507.4000000000065 | -548.3999999999995 | 5847.199999999993  |
+-----------------+----------+--------------------+---------------------+--------------------+--------------------+



BEST 10 AGENTS
+-----------------+----------+--------------------+---------------------+--------------------+--------------------+
|   Agent Type    | Agent ID | Negotiation Reward |   Length Penalty    |  Fairness Penalty  |    Final Score     |
+-----------------+----------+--------------------+---------------------+--------------------+--------------------+
| Deep Q Learning |    3     |        7903        | -1507.4000000000065 | -548.3999999999995 | 5847.199999999993  |
|      MCTS       |    0     |        7051        | -1169.400000000002  | -602.4999999999998 | 5279.0999999999985 |
|      MCTS       |    1     |        7054        | -1211.6000000000026 | -583.3999999999993 | 5258.999999999998  |
|   Q Learning    |    2     |        3640        | -1391.6000000000056 | -526.0999999999995 | 1722.2999999999947 |
+-----------------+----------+--------------------+---------------------+--------------------+--------------------+



COMBINED SCORE FOR EVERY AGENT TYPE
+-----------------+----------+--------------------+---------------------+--------------------+--------------------+
|   Agent Type    | Agent ID | Negotiation Reward |   Length Penalty    |  Fairness Penalty  |    Final Score     |
+-----------------+----------+--------------------+---------------------+--------------------+--------------------+
| Deep Q Learning |          |       7903.0       | -1507.4000000000065 | -548.3999999999995 | 5847.199999999993  |
|      MCTS       |          |      3526.25       | -595.2500000000011  | -296.4749999999998 | 2634.524999999999  |
|   Q Learning    |          |       3640.0       | -1391.6000000000056 | -526.0999999999995 | 1722.2999999999947 |
+-----------------+----------+--------------------+---------------------+--------------------+--------------------+



python main.py --case casino --stadium config_qlearningsociety_test --leng_limit 20 --train_rounds 0 --test_rounds 500 --vb_highest 10 --vb_lowest 10 --vb_collect;
Training Rounds
0it [00:00, ?it/s]
Testing Rounds
100%|████████████████████████████████████████████████████████████████████████████████████████████████████████████████████████████████████████████████████████████████| 500/500 [02:34<00:00,  3.23it/s]


Testing Scores



WORST 10 AGENTS
+-----------------+----------+--------------------+---------------------+---------------------+--------------------+
|   Agent Type    | Agent ID | Negotiation Reward |   Length Penalty    |  Fairness Penalty   |    Final Score     |
+-----------------+----------+--------------------+---------------------+---------------------+--------------------+
|   Q Learning    |    2     |        3600        | -1388.4000000000044 | -475.2999999999996  | 1736.299999999996  |
| Deep Q Learning |    3     |        6557        | -1599.0000000000089 | -437.6000000000001  | 4520.3999999999905 |
| Deep Q Learning |    0     |        6355        | -1198.000000000005  | -335.59999999999985 | 4821.399999999995  |
|      MCTS       |    1     |        7002        | -1182.200000000003  | -540.6999999999997  | 5279.099999999998  |
+-----------------+----------+--------------------+---------------------+---------------------+--------------------+



BEST 10 AGENTS
+-----------------+----------+--------------------+---------------------+---------------------+--------------------+
|   Agent Type    | Agent ID | Negotiation Reward |   Length Penalty    |  Fairness Penalty   |    Final Score     |
+-----------------+----------+--------------------+---------------------+---------------------+--------------------+
|      MCTS       |    1     |        7002        | -1182.200000000003  | -540.6999999999997  | 5279.099999999998  |
| Deep Q Learning |    0     |        6355        | -1198.000000000005  | -335.59999999999985 | 4821.399999999995  |
| Deep Q Learning |    3     |        6557        | -1599.0000000000089 | -437.6000000000001  | 4520.3999999999905 |
|   Q Learning    |    2     |        3600        | -1388.4000000000044 | -475.2999999999996  | 1736.299999999996  |
+-----------------+----------+--------------------+---------------------+---------------------+--------------------+



COMBINED SCORE FOR EVERY AGENT TYPE
+-----------------+----------+--------------------+---------------------+---------------------+-------------------+
|   Agent Type    | Agent ID | Negotiation Reward |   Length Penalty    |  Fairness Penalty   |    Final Score    |
+-----------------+----------+--------------------+---------------------+---------------------+-------------------+
|      MCTS       |          |       7002.0       | -1182.200000000003  | -540.6999999999997  | 5279.099999999998 |
| Deep Q Learning |          |       3228.0       | -699.2500000000034  | -193.29999999999998 | 2335.449999999996 |
|   Q Learning    |          |       3600.0       | -1388.4000000000044 | -475.2999999999996  | 1736.299999999996 |
+-----------------+----------+--------------------+---------------------+---------------------+-------------------+




python main.py --case casino --stadium config_deepqlearningsociety_test --leng_limit 20 --train_rounds 0 --test_rounds 500 --vb_highest 10 --vb_lowest 10 --vb_collect;
Training Rounds
0it [00:00, ?it/s]
Testing Rounds
100%|████████████████████████████████████████████████████████████████████████████████████████████████████████████████████████████████████████████████████████████████| 500/500 [03:20<00:00,  2.49it/s]


Testing Scores



WORST 10 AGENTS
+-----------------+----------+--------------------+---------------------+--------------------+--------------------+
|   Agent Type    | Agent ID | Negotiation Reward |   Length Penalty    |  Fairness Penalty  |    Final Score     |
+-----------------+----------+--------------------+---------------------+--------------------+--------------------+
|   Q Learning    |    2     |        2046        | -1701.2000000000103 |       -336.4       | 8.399999999989745  |
|   Q Learning    |    0     |        2189        | -1654.8000000000109 |       -325.6       | 208.5999999999891  |
|      MCTS       |    1     |        6667        | -1362.6000000000054 | -522.8999999999997 | 4781.4999999999945 |
| Deep Q Learning |    3     |        7511        | -1595.0000000000082 | -534.4999999999998 | 5381.499999999992  |
+-----------------+----------+--------------------+---------------------+--------------------+--------------------+



BEST 10 AGENTS
+-----------------+----------+--------------------+---------------------+--------------------+--------------------+
|   Agent Type    | Agent ID | Negotiation Reward |   Length Penalty    |  Fairness Penalty  |    Final Score     |
+-----------------+----------+--------------------+---------------------+--------------------+--------------------+
| Deep Q Learning |    3     |        7511        | -1595.0000000000082 | -534.4999999999998 | 5381.499999999992  |
|      MCTS       |    1     |        6667        | -1362.6000000000054 | -522.8999999999997 | 4781.4999999999945 |
|   Q Learning    |    0     |        2189        | -1654.8000000000109 |       -325.6       | 208.5999999999891  |
|   Q Learning    |    2     |        2046        | -1701.2000000000103 |       -336.4       | 8.399999999989745  |
+-----------------+----------+--------------------+---------------------+--------------------+--------------------+



COMBINED SCORE FOR EVERY AGENT TYPE
+-----------------+----------+--------------------+---------------------+--------------------+--------------------+
|   Agent Type    | Agent ID | Negotiation Reward |   Length Penalty    |  Fairness Penalty  |    Final Score     |
+-----------------+----------+--------------------+---------------------+--------------------+--------------------+
| Deep Q Learning |          |       7511.0       | -1595.0000000000082 | -534.4999999999998 | 5381.499999999992  |
|      MCTS       |          |       6667.0       | -1362.6000000000054 | -522.8999999999997 | 4781.4999999999945 |
|   Q Learning    |          |      1058.75       | -839.0000000000052  |       -165.5       | 54.24999999999477  |
+-----------------+----------+--------------------+---------------------+--------------------+--------------------+
