Training Rounds
Testing Rounds


Testing Scores



WORST 10 AGENTS
+------------+----------+--------------------+---------------------+---------------------+--------------------+
| Agent Type | Agent ID | Negotiation Reward |   Length Penalty    |  Fairness Penalty   |    Final Score     |
+------------+----------+--------------------+---------------------+---------------------+--------------------+
|  Dataset   |    0     |        5049        | -1407.1999999999994 | -236.20000000000007 | 3405.6000000000004 |
|  Bayesian  |    1     |        5419        | -1407.1999999999994 | -236.20000000000007 | 3775.6000000000004 |
+------------+----------+--------------------+---------------------+---------------------+--------------------+



BEST 10 AGENTS
+------------+----------+--------------------+---------------------+---------------------+--------------------+
| Agent Type | Agent ID | Negotiation Reward |   Length Penalty    |  Fairness Penalty   |    Final Score     |
+------------+----------+--------------------+---------------------+---------------------+--------------------+
|  Bayesian  |    1     |        5419        | -1407.1999999999994 | -236.20000000000007 | 3775.6000000000004 |
|  Dataset   |    0     |        5049        | -1407.1999999999994 | -236.20000000000007 | 3405.6000000000004 |
+------------+----------+--------------------+---------------------+---------------------+--------------------+



COMBINED SCORE FOR EVERY AGENT TYPE
+------------+----------+--------------------+---------------------+---------------------+--------------------+
| Agent Type | Agent ID | Negotiation Reward |   Length Penalty    |  Fairness Penalty   |    Final Score     |
+------------+----------+--------------------+---------------------+---------------------+--------------------+
|  Bayesian  |          |       5419.0       | -1407.1999999999994 | -236.20000000000007 | 3775.6000000000004 |
|  Dataset   |          |       5049.0       | -1407.1999999999994 | -236.20000000000007 | 3405.6000000000004 |
+------------+----------+--------------------+---------------------+---------------------+--------------------+



Training Rounds
Testing Rounds


Testing Scores



WORST 10 AGENTS
+------------+----------+--------------------+--------------------+---------------------+-------------------+
| Agent Type | Agent ID | Negotiation Reward |   Length Penalty   |  Fairness Penalty   |    Final Score    |
+------------+----------+--------------------+--------------------+---------------------+-------------------+
|  Dataset   |    0     |        9058        | -1360.200000000001 | -221.50000000000026 | 7476.299999999999 |
| Imitation  |    1     |        9243        | -1360.200000000001 | -221.50000000000026 | 7661.299999999999 |
+------------+----------+--------------------+--------------------+---------------------+-------------------+



BEST 10 AGENTS
+------------+----------+--------------------+--------------------+---------------------+-------------------+
| Agent Type | Agent ID | Negotiation Reward |   Length Penalty   |  Fairness Penalty   |    Final Score    |
+------------+----------+--------------------+--------------------+---------------------+-------------------+
| Imitation  |    1     |        9243        | -1360.200000000001 | -221.50000000000026 | 7661.299999999999 |
|  Dataset   |    0     |        9058        | -1360.200000000001 | -221.50000000000026 | 7476.299999999999 |
+------------+----------+--------------------+--------------------+---------------------+-------------------+



COMBINED SCORE FOR EVERY AGENT TYPE
+------------+----------+--------------------+--------------------+---------------------+-------------------+
| Agent Type | Agent ID | Negotiation Reward |   Length Penalty   |  Fairness Penalty   |    Final Score    |
+------------+----------+--------------------+--------------------+---------------------+-------------------+
| Imitation  |          |       9243.0       | -1360.200000000001 | -221.50000000000026 | 7661.299999999999 |
|  Dataset   |          |       9058.0       | -1360.200000000001 | -221.50000000000026 | 7476.299999999999 |
+------------+----------+--------------------+--------------------+---------------------+-------------------+



Training Rounds
Testing Rounds


Testing Scores



WORST 10 AGENTS
+------------+----------+--------------------+--------------------+--------------------+-------------------+
| Agent Type | Agent ID | Negotiation Reward |   Length Penalty   |  Fairness Penalty  |    Final Score    |
+------------+----------+--------------------+--------------------+--------------------+-------------------+
|  Dataset   |    0     |        8718        | -1360.200000000001 | -398.1999999999996 | 6959.599999999999 |
|    MCTS    |    1     |        9144        | -1360.200000000001 | -398.1999999999996 | 7385.599999999999 |
+------------+----------+--------------------+--------------------+--------------------+-------------------+



BEST 10 AGENTS
+------------+----------+--------------------+--------------------+--------------------+-------------------+
| Agent Type | Agent ID | Negotiation Reward |   Length Penalty   |  Fairness Penalty  |    Final Score    |
+------------+----------+--------------------+--------------------+--------------------+-------------------+
|    MCTS    |    1     |        9144        | -1360.200000000001 | -398.1999999999996 | 7385.599999999999 |
|  Dataset   |    0     |        8718        | -1360.200000000001 | -398.1999999999996 | 6959.599999999999 |
+------------+----------+--------------------+--------------------+--------------------+-------------------+



COMBINED SCORE FOR EVERY AGENT TYPE
+------------+----------+--------------------+--------------------+--------------------+-------------------+
| Agent Type | Agent ID | Negotiation Reward |   Length Penalty   |  Fairness Penalty  |    Final Score    |
+------------+----------+--------------------+--------------------+--------------------+-------------------+
|    MCTS    |          |       9144.0       | -1360.200000000001 | -398.1999999999996 | 7385.599999999999 |
|  Dataset   |          |       8718.0       | -1360.200000000001 | -398.1999999999996 | 6959.599999999999 |
+------------+----------+--------------------+--------------------+--------------------+-------------------+



Training Rounds
Testing Rounds


Testing Scores



WORST 10 AGENTS
+------------+----------+--------------------+--------------------+------------------+-------------------+
| Agent Type | Agent ID | Negotiation Reward |   Length Penalty   | Fairness Penalty |    Final Score    |
+------------+----------+--------------------+--------------------+------------------+-------------------+
| Q Learning |    0     |        3146        | -1417.199999999999 |      -291.0      | 1437.800000000001 |
|  Dataset   |    1     |        5242        | -1417.199999999999 |      -291.0      | 3533.800000000001 |
+------------+----------+--------------------+--------------------+------------------+-------------------+



BEST 10 AGENTS
+------------+----------+--------------------+--------------------+------------------+-------------------+
| Agent Type | Agent ID | Negotiation Reward |   Length Penalty   | Fairness Penalty |    Final Score    |
+------------+----------+--------------------+--------------------+------------------+-------------------+
|  Dataset   |    1     |        5242        | -1417.199999999999 |      -291.0      | 3533.800000000001 |
| Q Learning |    0     |        3146        | -1417.199999999999 |      -291.0      | 1437.800000000001 |
+------------+----------+--------------------+--------------------+------------------+-------------------+



COMBINED SCORE FOR EVERY AGENT TYPE
+------------+----------+--------------------+--------------------+------------------+-------------------+
| Agent Type | Agent ID | Negotiation Reward |   Length Penalty   | Fairness Penalty |    Final Score    |
+------------+----------+--------------------+--------------------+------------------+-------------------+
|  Dataset   |          |       5242.0       | -1417.199999999999 |      -291.0      | 3533.800000000001 |
| Q Learning |          |       3146.0       | -1417.199999999999 |      -291.0      | 1437.800000000001 |
+------------+----------+--------------------+--------------------+------------------+-------------------+



Training Rounds
Testing Rounds


Testing Scores



WORST 10 AGENTS
+-----------------+----------+--------------------+--------------------+--------------------+--------------------+
|   Agent Type    | Agent ID | Negotiation Reward |   Length Penalty   |  Fairness Penalty  |    Final Score     |
+-----------------+----------+--------------------+--------------------+--------------------+--------------------+
|     Dataset     |    0     |        5057        | -1361.200000000001 | -901.7000000000028 | 2794.0999999999967 |
| Deep Q Learning |    1     |       12856        | -1361.200000000001 | -901.7000000000028 | 10593.099999999997 |
+-----------------+----------+--------------------+--------------------+--------------------+--------------------+



BEST 10 AGENTS
+-----------------+----------+--------------------+--------------------+--------------------+--------------------+
|   Agent Type    | Agent ID | Negotiation Reward |   Length Penalty   |  Fairness Penalty  |    Final Score     |
+-----------------+----------+--------------------+--------------------+--------------------+--------------------+
| Deep Q Learning |    1     |       12856        | -1361.200000000001 | -901.7000000000028 | 10593.099999999997 |
|     Dataset     |    0     |        5057        | -1361.200000000001 | -901.7000000000028 | 2794.0999999999967 |
+-----------------+----------+--------------------+--------------------+--------------------+--------------------+



COMBINED SCORE FOR EVERY AGENT TYPE
+-----------------+----------+--------------------+--------------------+--------------------+--------------------+
|   Agent Type    | Agent ID | Negotiation Reward |   Length Penalty   |  Fairness Penalty  |    Final Score     |
+-----------------+----------+--------------------+--------------------+--------------------+--------------------+
| Deep Q Learning |          |      12856.0       | -1361.200000000001 | -901.7000000000028 | 10593.099999999997 |
|     Dataset     |          |       5057.0       | -1361.200000000001 | -901.7000000000028 | 2794.0999999999967 |
+-----------------+----------+--------------------+--------------------+--------------------+--------------------+



Training Rounds
Testing Rounds


Testing Scores



WORST 10 AGENTS
+-----------------+----------+--------------------+---------------------+---------------------+-------------------+
|   Agent Type    | Agent ID | Negotiation Reward |   Length Penalty    |  Fairness Penalty   |    Final Score    |
+-----------------+----------+--------------------+---------------------+---------------------+-------------------+
|   Q Learning    |    3     |        2893        | -1560.800000000006  | -375.2999999999998  | 956.8999999999942 |
|      MCTS       |    4     |        5281        | -1732.6000000000108 | -371.4000000000001  | 3176.999999999989 |
|    Imitation    |    0     |        5812        | -1465.6000000000042 | -331.19999999999965 | 4015.199999999996 |
| Deep Q Learning |    5     |        6307        | -1364.6000000000015 | -432.5999999999996  | 4509.799999999999 |
|    Bayesian     |    2     |        6731        | -1273.4000000000033 | -467.4999999999999  | 4990.099999999997 |
|     Dataset     |    1     |        6788        | -1388.2000000000053 | -277.59999999999974 | 5122.199999999995 |
+-----------------+----------+--------------------+---------------------+---------------------+-------------------+



BEST 10 AGENTS
+-----------------+----------+--------------------+---------------------+---------------------+-------------------+
|   Agent Type    | Agent ID | Negotiation Reward |   Length Penalty    |  Fairness Penalty   |    Final Score    |
+-----------------+----------+--------------------+---------------------+---------------------+-------------------+
|     Dataset     |    1     |        6788        | -1388.2000000000053 | -277.59999999999974 | 5122.199999999995 |
|    Bayesian     |    2     |        6731        | -1273.4000000000033 | -467.4999999999999  | 4990.099999999997 |
| Deep Q Learning |    5     |        6307        | -1364.6000000000015 | -432.5999999999996  | 4509.799999999999 |
|    Imitation    |    0     |        5812        | -1465.6000000000042 | -331.19999999999965 | 4015.199999999996 |
|      MCTS       |    4     |        5281        | -1732.6000000000108 | -371.4000000000001  | 3176.999999999989 |
|   Q Learning    |    3     |        2893        | -1560.800000000006  | -375.2999999999998  | 956.8999999999942 |
+-----------------+----------+--------------------+---------------------+---------------------+-------------------+



COMBINED SCORE FOR EVERY AGENT TYPE
+-----------------+----------+--------------------+---------------------+---------------------+-------------------+
|   Agent Type    | Agent ID | Negotiation Reward |   Length Penalty    |  Fairness Penalty   |    Final Score    |
+-----------------+----------+--------------------+---------------------+---------------------+-------------------+
|     Dataset     |          |       6788.0       | -1388.2000000000053 | -277.59999999999974 | 5122.199999999995 |
|    Bayesian     |          |       6731.0       | -1273.4000000000033 | -467.4999999999999  | 4990.099999999997 |
| Deep Q Learning |          |       6307.0       | -1364.6000000000015 | -432.5999999999996  | 4509.799999999999 |
|    Imitation    |          |       5812.0       | -1465.6000000000042 | -331.19999999999965 | 4015.199999999996 |
|      MCTS       |          |       5281.0       | -1732.6000000000108 | -371.4000000000001  | 3176.999999999989 |
|   Q Learning    |          |       2893.0       | -1560.800000000006  | -375.2999999999998  | 956.8999999999942 |
+-----------------+----------+--------------------+---------------------+---------------------+-------------------+



Training Rounds
Testing Rounds


Testing Scores



WORST 10 AGENTS
+-----------------+----------+--------------------+---------------------+---------------------+--------------------+
|   Agent Type    | Agent ID | Negotiation Reward |   Length Penalty    |  Fairness Penalty   |    Final Score     |
+-----------------+----------+--------------------+---------------------+---------------------+--------------------+
|     Dataset     |    3     |        4004        | -1314.8000000000038 | -431.3999999999998  | 2257.7999999999965 |
|      MCTS       |    5     |        6799        | -1381.4000000000008 | -248.3000000000001  | 5169.299999999999  |
|    Bayesian     |    0     |        7211        | -1257.600000000003  | -423.09999999999997 | 5530.2999999999965 |
|   Q Learning    |    2     |        7803        | -1112.8000000000013 | -481.4999999999994  |       6208.7       |
|    Imitation    |    1     |        7865        | -1197.6000000000026 | -290.99999999999994 | 6376.399999999998  |
| Deep Q Learning |    4     |        9727        | -1161.8000000000022 |  -418.099999999999  | 8147.0999999999985 |
+-----------------+----------+--------------------+---------------------+---------------------+--------------------+



BEST 10 AGENTS
+-----------------+----------+--------------------+---------------------+---------------------+--------------------+
|   Agent Type    | Agent ID | Negotiation Reward |   Length Penalty    |  Fairness Penalty   |    Final Score     |
+-----------------+----------+--------------------+---------------------+---------------------+--------------------+
| Deep Q Learning |    4     |        9727        | -1161.8000000000022 |  -418.099999999999  | 8147.0999999999985 |
|    Imitation    |    1     |        7865        | -1197.6000000000026 | -290.99999999999994 | 6376.399999999998  |
|   Q Learning    |    2     |        7803        | -1112.8000000000013 | -481.4999999999994  |       6208.7       |
|    Bayesian     |    0     |        7211        | -1257.600000000003  | -423.09999999999997 | 5530.2999999999965 |
|      MCTS       |    5     |        6799        | -1381.4000000000008 | -248.3000000000001  | 5169.299999999999  |
|     Dataset     |    3     |        4004        | -1314.8000000000038 | -431.3999999999998  | 2257.7999999999965 |
+-----------------+----------+--------------------+---------------------+---------------------+--------------------+



COMBINED SCORE FOR EVERY AGENT TYPE
+-----------------+----------+--------------------+---------------------+---------------------+--------------------+
|   Agent Type    | Agent ID | Negotiation Reward |   Length Penalty    |  Fairness Penalty   |    Final Score     |
+-----------------+----------+--------------------+---------------------+---------------------+--------------------+
| Deep Q Learning |          |       9727.0       | -1161.8000000000022 |  -418.099999999999  | 8147.0999999999985 |
|    Imitation    |          |       7865.0       | -1197.6000000000026 | -290.99999999999994 | 6376.399999999998  |
|   Q Learning    |          |       7803.0       | -1112.8000000000013 | -481.4999999999994  |       6208.7       |
|    Bayesian     |          |       7211.0       | -1257.600000000003  | -423.09999999999997 | 5530.2999999999965 |
|      MCTS       |          |       6799.0       | -1381.4000000000008 | -248.3000000000001  | 5169.299999999999  |
|     Dataset     |          |       4004.0       | -1314.8000000000038 | -431.3999999999998  | 2257.7999999999965 |
+-----------------+----------+--------------------+---------------------+---------------------+--------------------+



Training Rounds
Testing Rounds


Testing Scores



WORST 10 AGENTS
+-----------------+----------+--------------------+---------------------+---------------------+--------------------+
|   Agent Type    | Agent ID | Negotiation Reward |   Length Penalty    |  Fairness Penalty   |    Final Score     |
+-----------------+----------+--------------------+---------------------+---------------------+--------------------+
|   Q Learning    |    3     |        4142        | -1306.0000000000036 | -422.79999999999967 | 2413.1999999999966 |
|    Imitation    |    0     |        7027        | -1305.2000000000014 | -397.6999999999994  | 5324.0999999999985 |
| Deep Q Learning |    5     |        7089        | -1364.0000000000018 | -277.1000000000002  | 5447.899999999998  |
|     Dataset     |    1     |        7494        | -1273.4000000000042 | -273.40000000000003 | 5947.199999999996  |
|    Bayesian     |    2     |        7819        | -1119.0000000000023 | -503.0999999999991  | 6196.899999999999  |
|      MCTS       |    4     |        9535        | -1194.8000000000022 | -415.0999999999996  | 7925.099999999998  |
+-----------------+----------+--------------------+---------------------+---------------------+--------------------+



BEST 10 AGENTS
+-----------------+----------+--------------------+---------------------+---------------------+--------------------+
|   Agent Type    | Agent ID | Negotiation Reward |   Length Penalty    |  Fairness Penalty   |    Final Score     |
+-----------------+----------+--------------------+---------------------+---------------------+--------------------+
|      MCTS       |    4     |        9535        | -1194.8000000000022 | -415.0999999999996  | 7925.099999999998  |
|    Bayesian     |    2     |        7819        | -1119.0000000000023 | -503.0999999999991  | 6196.899999999999  |
|     Dataset     |    1     |        7494        | -1273.4000000000042 | -273.40000000000003 | 5947.199999999996  |
| Deep Q Learning |    5     |        7089        | -1364.0000000000018 | -277.1000000000002  | 5447.899999999998  |
|    Imitation    |    0     |        7027        | -1305.2000000000014 | -397.6999999999994  | 5324.0999999999985 |
|   Q Learning    |    3     |        4142        | -1306.0000000000036 | -422.79999999999967 | 2413.1999999999966 |
+-----------------+----------+--------------------+---------------------+---------------------+--------------------+



COMBINED SCORE FOR EVERY AGENT TYPE
+-----------------+----------+--------------------+---------------------+---------------------+--------------------+
|   Agent Type    | Agent ID | Negotiation Reward |   Length Penalty    |  Fairness Penalty   |    Final Score     |
+-----------------+----------+--------------------+---------------------+---------------------+--------------------+
|      MCTS       |          |       9535.0       | -1194.8000000000022 | -415.0999999999996  | 7925.099999999998  |
|    Bayesian     |          |       7819.0       | -1119.0000000000023 | -503.0999999999991  | 6196.899999999999  |
|     Dataset     |          |       7494.0       | -1273.4000000000042 | -273.40000000000003 | 5947.199999999996  |
| Deep Q Learning |          |       7089.0       | -1364.0000000000018 | -277.1000000000002  | 5447.899999999998  |
|    Imitation    |          |       7027.0       | -1305.2000000000014 | -397.6999999999994  | 5324.0999999999985 |
|   Q Learning    |          |       4142.0       | -1306.0000000000036 | -422.79999999999967 | 2413.1999999999966 |
+-----------------+----------+--------------------+---------------------+---------------------+--------------------+



Training Rounds
Testing Rounds


Testing Scores



WORST 10 AGENTS
+-----------------+----------+--------------------+---------------------+---------------------+-------------------+
|   Agent Type    | Agent ID | Negotiation Reward |   Length Penalty    |  Fairness Penalty   |    Final Score    |
+-----------------+----------+--------------------+---------------------+---------------------+-------------------+
| Deep Q Learning |    4     |        2606        | -1563.6000000000074 | -363.7999999999997  | 678.5999999999929 |
| Deep Q Learning |    1     |        2677        | -1506.4000000000103 |       -366.9        | 803.6999999999897 |
|   Q Learning    |    5     |        3145        | -1847.800000000014  | -234.29999999999984 | 1062.899999999986 |
|      MCTS       |    3     |        6489        | -1241.4000000000044 | -561.5000000000003  | 4686.099999999996 |
|   Q Learning    |    0     |        6747        | -1225.2000000000032 | -552.1000000000005  | 4969.699999999996 |
|      MCTS       |    2     |        8650        | -1248.8000000000027 | -478.9999999999997  | 6922.199999999997 |
+-----------------+----------+--------------------+---------------------+---------------------+-------------------+



BEST 10 AGENTS
+-----------------+----------+--------------------+---------------------+---------------------+-------------------+
|   Agent Type    | Agent ID | Negotiation Reward |   Length Penalty    |  Fairness Penalty   |    Final Score    |
+-----------------+----------+--------------------+---------------------+---------------------+-------------------+
|      MCTS       |    2     |        8650        | -1248.8000000000027 | -478.9999999999997  | 6922.199999999997 |
|   Q Learning    |    0     |        6747        | -1225.2000000000032 | -552.1000000000005  | 4969.699999999996 |
|      MCTS       |    3     |        6489        | -1241.4000000000044 | -561.5000000000003  | 4686.099999999996 |
|   Q Learning    |    5     |        3145        | -1847.800000000014  | -234.29999999999984 | 1062.899999999986 |
| Deep Q Learning |    1     |        2677        | -1506.4000000000103 |       -366.9        | 803.6999999999897 |
| Deep Q Learning |    4     |        2606        | -1563.6000000000074 | -363.7999999999997  | 678.5999999999929 |
+-----------------+----------+--------------------+---------------------+---------------------+-------------------+



COMBINED SCORE FOR EVERY AGENT TYPE
+-----------------+----------+--------------------+--------------------+---------------------+--------------------+
|   Agent Type    | Agent ID | Negotiation Reward |   Length Penalty   |  Fairness Penalty   |    Final Score     |
+-----------------+----------+--------------------+--------------------+---------------------+--------------------+
|      MCTS       |          |      3784.75       | -622.5500000000018 |      -260.125       | 2902.074999999998  |
|   Q Learning    |          |       2473.0       | -768.2500000000043 | -196.60000000000008 | 1508.1499999999955 |
| Deep Q Learning |          |      1320.75       | -767.5000000000044 | -182.67499999999993 | 370.5749999999956  |
+-----------------+----------+--------------------+--------------------+---------------------+--------------------+


MCTS Society vs MCTS

BEST 10 AGENTS
+------------+----------+--------------------+--------------------+--------------------+-------------+
| Agent Type | Agent ID | Negotiation Reward |   Length Penalty   |  Fairness Penalty  | Final Score |
+------------+----------+--------------------+--------------------+--------------------+-------------+
|    MCTS    |    0     |        8968        | -816.5999999999997 | -732.6000000000004 |   7418.8    |
|    MCTS    |    1     |        8938        | -816.5999999999997 | -732.6000000000004 |   7388.8    |
+------------+----------+--------------------+--------------------+--------------------+-------------+

Deep Q Learning Society vs Deep Q Learning

BEST 10 AGENTS
+-----------------+----------+--------------------+--------------------+--------------------+---------------------+
|   Agent Type    | Agent ID | Negotiation Reward |   Length Penalty   |  Fairness Penalty  |     Final Score     |
+-----------------+----------+--------------------+--------------------+--------------------+---------------------+
| Deep Q Learning |    0     |        336         | -2052.000000000016 | -7.100000000000001 | -1723.1000000000158 |
| Deep Q Learning |    1     |        265         | -2052.000000000016 | -7.100000000000001 | -1794.1000000000158 |
+-----------------+----------+--------------------+--------------------+--------------------+---------------------+


Deep Q Learning Society vs Everyone Else Trained in Isolation

BEST 10 AGENTS
+-----------------+----------+--------------------+---------------------+---------------------+--------------------+
|   Agent Type    | Agent ID | Negotiation Reward |   Length Penalty    |  Fairness Penalty   |    Final Score     |
+-----------------+----------+--------------------+---------------------+---------------------+--------------------+
| Deep Q Learning |    0     |        7527        | -1391.8000000000054 | -428.4999999999997  | 5706.699999999994  |
|   Q Learning    |    1     |        5540        | -1333.0000000000048 | -497.29999999999984 | 3709.6999999999957 |
|      MCTS       |    2     |        3151        | -1431.400000000006  | -445.59999999999974 | 1273.9999999999943 |
| Deep Q Learning |    3     |        1984        | -1930.6000000000145 | -137.39999999999995 | -84.00000000001441 |
+-----------------+----------+--------------------+---------------------+---------------------+--------------------+

Q Learning Society vs Everyone Else Trained in Isolation

BEST 10 AGENTS
+-----------------+----------+--------------------+---------------------+---------------------+---------------------+
|   Agent Type    | Agent ID | Negotiation Reward |   Length Penalty    |  Fairness Penalty   |     Final Score     |
+-----------------+----------+--------------------+---------------------+---------------------+---------------------+
|   Q Learning    |    1     |        6496        | -1458.0000000000061 | -486.19999999999965 |  4551.799999999994  |
| Deep Q Learning |    3     |        3937        | -1811.4000000000128 | -289.59999999999985 | 1835.9999999999873  |
|      MCTS       |    2     |        1883        | -1714.8000000000104 | -295.70000000000005 | -127.50000000001046 |
|   Q Learning    |    0     |        1597        | -1759.800000000012  | -246.2999999999999  | -409.1000000000119  |
+-----------------+----------+--------------------+---------------------+---------------------+---------------------+

MCTS Society vs Everyone Else Trained in Isolation

BEST 10 AGENTS
+-----------------+----------+--------------------+---------------------+---------------------+--------------------+
|   Agent Type    | Agent ID | Negotiation Reward |   Length Penalty    |  Fairness Penalty   |    Final Score     |
+-----------------+----------+--------------------+---------------------+---------------------+--------------------+
|   Q Learning    |    1     |        6310        | -1306.0000000000045 | -478.0999999999999  | 4525.899999999996  |
|      MCTS       |    0     |        6260        | -1319.800000000004  | -517.7999999999998  | 4422.399999999996  |
| Deep Q Learning |    3     |        3773        | -1817.0000000000123 | -282.80000000000007 | 1673.1999999999875 |
|      MCTS       |    2     |        3000        | -1492.8000000000075 | -417.9000000000001  | 1089.2999999999925 |
+-----------------+----------+--------------------+---------------------+---------------------+--------------------+
