Training Rounds
Testing Rounds


Testing Scores



WORST 10 AGENTS
+------------+----------+--------------------+----------------+--------------------+-------------+
| Agent Type | Agent ID | Negotiation Reward | Length Penalty |  Fairness Penalty  | Final Score |
+------------+----------+--------------------+----------------+--------------------+-------------+
|  Dataset   |    0     |        5072        |    -1404.8     | -259.4999999999999 |   3407.7    |
|  Bayesian  |    1     |        5681        |    -1404.8     | -259.4999999999999 |   4016.7    |
+------------+----------+--------------------+----------------+--------------------+-------------+



BEST 10 AGENTS
+------------+----------+--------------------+----------------+--------------------+-------------+
| Agent Type | Agent ID | Negotiation Reward | Length Penalty |  Fairness Penalty  | Final Score |
+------------+----------+--------------------+----------------+--------------------+-------------+
|  Bayesian  |    1     |        5681        |    -1404.8     | -259.4999999999999 |   4016.7    |
|  Dataset   |    0     |        5072        |    -1404.8     | -259.4999999999999 |   3407.7    |
+------------+----------+--------------------+----------------+--------------------+-------------+



COMBINED SCORE FOR EVERY AGENT TYPE
+------------+----------+--------------------+----------------+--------------------+-------------+
| Agent Type | Agent ID | Negotiation Reward | Length Penalty |  Fairness Penalty  | Final Score |
+------------+----------+--------------------+----------------+--------------------+-------------+
|  Bayesian  |          |       5681.0       |    -1404.8     | -259.4999999999999 |   4016.7    |
|  Dataset   |          |       5072.0       |    -1404.8     | -259.4999999999999 |   3407.7    |
+------------+----------+--------------------+----------------+--------------------+-------------+



Training Rounds
Testing Rounds


Testing Scores



WORST 10 AGENTS
+------------+----------+--------------------+---------------------+---------------------+-------------------+
| Agent Type | Agent ID | Negotiation Reward |   Length Penalty    |  Fairness Penalty   |    Final Score    |
+------------+----------+--------------------+---------------------+---------------------+-------------------+
|  Dataset   |    0     |        9042        | -1362.0000000000014 | -224.50000000000037 | 7455.499999999998 |
| Imitation  |    1     |        9353        | -1362.0000000000014 | -224.50000000000037 | 7766.499999999998 |
+------------+----------+--------------------+---------------------+---------------------+-------------------+



BEST 10 AGENTS
+------------+----------+--------------------+---------------------+---------------------+-------------------+
| Agent Type | Agent ID | Negotiation Reward |   Length Penalty    |  Fairness Penalty   |    Final Score    |
+------------+----------+--------------------+---------------------+---------------------+-------------------+
| Imitation  |    1     |        9353        | -1362.0000000000014 | -224.50000000000037 | 7766.499999999998 |
|  Dataset   |    0     |        9042        | -1362.0000000000014 | -224.50000000000037 | 7455.499999999998 |
+------------+----------+--------------------+---------------------+---------------------+-------------------+



COMBINED SCORE FOR EVERY AGENT TYPE
+------------+----------+--------------------+---------------------+---------------------+-------------------+
| Agent Type | Agent ID | Negotiation Reward |   Length Penalty    |  Fairness Penalty   |    Final Score    |
+------------+----------+--------------------+---------------------+---------------------+-------------------+
| Imitation  |          |       9353.0       | -1362.0000000000014 | -224.50000000000037 | 7766.499999999998 |
|  Dataset   |          |       9042.0       | -1362.0000000000014 | -224.50000000000037 | 7455.499999999998 |
+------------+----------+--------------------+---------------------+---------------------+-------------------+



Training Rounds
Testing Rounds


Testing Scores



WORST 10 AGENTS
+------------+----------+--------------------+---------------------+---------------------+-------------------+
| Agent Type | Agent ID | Negotiation Reward |   Length Penalty    |  Fairness Penalty   |    Final Score    |
+------------+----------+--------------------+---------------------+---------------------+-------------------+
|  Dataset   |    0     |        8942        | -1362.0000000000014 | -391.09999999999906 | 7188.899999999999 |
|    MCTS    |    1     |        8995        | -1362.0000000000014 | -391.09999999999906 | 7241.899999999999 |
+------------+----------+--------------------+---------------------+---------------------+-------------------+



BEST 10 AGENTS
+------------+----------+--------------------+---------------------+---------------------+-------------------+
| Agent Type | Agent ID | Negotiation Reward |   Length Penalty    |  Fairness Penalty   |    Final Score    |
+------------+----------+--------------------+---------------------+---------------------+-------------------+
|    MCTS    |    1     |        8995        | -1362.0000000000014 | -391.09999999999906 | 7241.899999999999 |
|  Dataset   |    0     |        8942        | -1362.0000000000014 | -391.09999999999906 | 7188.899999999999 |
+------------+----------+--------------------+---------------------+---------------------+-------------------+



COMBINED SCORE FOR EVERY AGENT TYPE
+------------+----------+--------------------+---------------------+---------------------+-------------------+
| Agent Type | Agent ID | Negotiation Reward |   Length Penalty    |  Fairness Penalty   |    Final Score    |
+------------+----------+--------------------+---------------------+---------------------+-------------------+
|    MCTS    |          |       8995.0       | -1362.0000000000014 | -391.09999999999906 | 7241.899999999999 |
|  Dataset   |          |       8942.0       | -1362.0000000000014 | -391.09999999999906 | 7188.899999999999 |
+------------+----------+--------------------+---------------------+---------------------+-------------------+



Training Rounds
Testing Rounds


Testing Scores



WORST 10 AGENTS
+------------+----------+--------------------+---------------------+--------------------+-------------------+
| Agent Type | Agent ID | Negotiation Reward |   Length Penalty    |  Fairness Penalty  |    Final Score    |
+------------+----------+--------------------+---------------------+--------------------+-------------------+
|  Dataset   |    0     |        2669        | -1419.7999999999984 | -314.1999999999999 | 935.0000000000018 |
| Q Learning |    1     |        5203        | -1419.7999999999984 | -314.1999999999999 | 3469.000000000002 |
+------------+----------+--------------------+---------------------+--------------------+-------------------+



BEST 10 AGENTS
+------------+----------+--------------------+---------------------+--------------------+-------------------+
| Agent Type | Agent ID | Negotiation Reward |   Length Penalty    |  Fairness Penalty  |    Final Score    |
+------------+----------+--------------------+---------------------+--------------------+-------------------+
| Q Learning |    1     |        5203        | -1419.7999999999984 | -314.1999999999999 | 3469.000000000002 |
|  Dataset   |    0     |        2669        | -1419.7999999999984 | -314.1999999999999 | 935.0000000000018 |
+------------+----------+--------------------+---------------------+--------------------+-------------------+



COMBINED SCORE FOR EVERY AGENT TYPE
+------------+----------+--------------------+---------------------+--------------------+-------------------+
| Agent Type | Agent ID | Negotiation Reward |   Length Penalty    |  Fairness Penalty  |    Final Score    |
+------------+----------+--------------------+---------------------+--------------------+-------------------+
| Q Learning |          |       5203.0       | -1419.7999999999984 | -314.1999999999999 | 3469.000000000002 |
|  Dataset   |          |       2669.0       | -1419.7999999999984 | -314.1999999999999 | 935.0000000000018 |
+------------+----------+--------------------+---------------------+--------------------+-------------------+



Training Rounds
Testing Rounds


Testing Scores



WORST 10 AGENTS
+-----------------+----------+--------------------+---------------------+--------------------+--------------------+
|   Agent Type    | Agent ID | Negotiation Reward |   Length Penalty    |  Fairness Penalty  |    Final Score     |
+-----------------+----------+--------------------+---------------------+--------------------+--------------------+
|     Dataset     |    0     |        5202        | -1358.0000000000016 | -888.0000000000015 | 2955.999999999997  |
| Deep Q Learning |    1     |       12748        | -1358.0000000000016 | -888.0000000000015 | 10501.999999999996 |
+-----------------+----------+--------------------+---------------------+--------------------+--------------------+



BEST 10 AGENTS
+-----------------+----------+--------------------+---------------------+--------------------+--------------------+
|   Agent Type    | Agent ID | Negotiation Reward |   Length Penalty    |  Fairness Penalty  |    Final Score     |
+-----------------+----------+--------------------+---------------------+--------------------+--------------------+
| Deep Q Learning |    1     |       12748        | -1358.0000000000016 | -888.0000000000015 | 10501.999999999996 |
|     Dataset     |    0     |        5202        | -1358.0000000000016 | -888.0000000000015 | 2955.999999999997  |
+-----------------+----------+--------------------+---------------------+--------------------+--------------------+



COMBINED SCORE FOR EVERY AGENT TYPE
+-----------------+----------+--------------------+---------------------+--------------------+--------------------+
|   Agent Type    | Agent ID | Negotiation Reward |   Length Penalty    |  Fairness Penalty  |    Final Score     |
+-----------------+----------+--------------------+---------------------+--------------------+--------------------+
| Deep Q Learning |          |      12748.0       | -1358.0000000000016 | -888.0000000000015 | 10501.999999999996 |
|     Dataset     |          |       5202.0       | -1358.0000000000016 | -888.0000000000015 | 2955.999999999997  |
+-----------------+----------+--------------------+---------------------+--------------------+--------------------+



Training Rounds
Testing Rounds


Testing Scores



WORST 10 AGENTS
+-----------------+----------+--------------------+---------------------+---------------------+--------------------+
|   Agent Type    | Agent ID | Negotiation Reward |   Length Penalty    |  Fairness Penalty   |    Final Score     |
+-----------------+----------+--------------------+---------------------+---------------------+--------------------+
|   Q Learning    |    1     |        1831        | -973.8000000000025  |       -283.0        | 574.1999999999975  |
|      MCTS       |    0     |        4423        | -967.2000000000023  |       -351.0        | 3104.7999999999975 |
| Deep Q Learning |    2     |        4505        | -1069.0000000000032 | -284.59999999999997 | 3151.399999999997  |
+-----------------+----------+--------------------+---------------------+---------------------+--------------------+



BEST 10 AGENTS
+-----------------+----------+--------------------+---------------------+---------------------+--------------------+
|   Agent Type    | Agent ID | Negotiation Reward |   Length Penalty    |  Fairness Penalty   |    Final Score     |
+-----------------+----------+--------------------+---------------------+---------------------+--------------------+
| Deep Q Learning |    2     |        4505        | -1069.0000000000032 | -284.59999999999997 | 3151.399999999997  |
|      MCTS       |    0     |        4423        | -967.2000000000023  |       -351.0        | 3104.7999999999975 |
|   Q Learning    |    1     |        1831        | -973.8000000000025  |       -283.0        | 574.1999999999975  |
+-----------------+----------+--------------------+---------------------+---------------------+--------------------+



COMBINED SCORE FOR EVERY AGENT TYPE
+-----------------+----------+--------------------+---------------------+---------------------+--------------------+
|   Agent Type    | Agent ID | Negotiation Reward |   Length Penalty    |  Fairness Penalty   |    Final Score     |
+-----------------+----------+--------------------+---------------------+---------------------+--------------------+
| Deep Q Learning |          |       4505.0       | -1069.0000000000032 | -284.59999999999997 | 3151.399999999997  |
|      MCTS       |          |       4423.0       | -967.2000000000023  |       -351.0        | 3104.7999999999975 |
|   Q Learning    |          |       1831.0       | -973.8000000000025  |       -283.0        | 574.1999999999975  |
+-----------------+----------+--------------------+---------------------+---------------------+--------------------+



Training Rounds
Testing Rounds


Testing Scores



WORST 10 AGENTS
+-----------------+----------+--------------------+---------------------+---------------------+--------------------+
|   Agent Type    | Agent ID | Negotiation Reward |   Length Penalty    |  Fairness Penalty   |    Final Score     |
+-----------------+----------+--------------------+---------------------+---------------------+--------------------+
|   Q Learning    |    3     |        3921        | -1336.400000000004  | -408.1999999999994  | 2176.3999999999965 |
|    Bayesian     |    0     |        6734        | -1332.8000000000031 | -406.7999999999994  | 4994.399999999998  |
|     Dataset     |    5     |        6716        | -1389.9999999999993 | -247.00000000000003 | 5079.000000000001  |
|      MCTS       |    2     |        8070        | -1079.2000000000012 | -494.79999999999956 |       6496.0       |
|    Imitation    |    1     |        8275        | -1117.6000000000033 | -297.7999999999995  | 6859.599999999998  |
| Deep Q Learning |    4     |        9945        | -1049.2000000000014 | -398.39999999999924 |       8497.4       |
+-----------------+----------+--------------------+---------------------+---------------------+--------------------+



BEST 10 AGENTS
+-----------------+----------+--------------------+---------------------+---------------------+--------------------+
|   Agent Type    | Agent ID | Negotiation Reward |   Length Penalty    |  Fairness Penalty   |    Final Score     |
+-----------------+----------+--------------------+---------------------+---------------------+--------------------+
| Deep Q Learning |    4     |        9945        | -1049.2000000000014 | -398.39999999999924 |       8497.4       |
|    Imitation    |    1     |        8275        | -1117.6000000000033 | -297.7999999999995  | 6859.599999999998  |
|      MCTS       |    2     |        8070        | -1079.2000000000012 | -494.79999999999956 |       6496.0       |
|     Dataset     |    5     |        6716        | -1389.9999999999993 | -247.00000000000003 | 5079.000000000001  |
|    Bayesian     |    0     |        6734        | -1332.8000000000031 | -406.7999999999994  | 4994.399999999998  |
|   Q Learning    |    3     |        3921        | -1336.400000000004  | -408.1999999999994  | 2176.3999999999965 |
+-----------------+----------+--------------------+---------------------+---------------------+--------------------+



COMBINED SCORE FOR EVERY AGENT TYPE
+-----------------+----------+--------------------+---------------------+---------------------+--------------------+
|   Agent Type    | Agent ID | Negotiation Reward |   Length Penalty    |  Fairness Penalty   |    Final Score     |
+-----------------+----------+--------------------+---------------------+---------------------+--------------------+
| Deep Q Learning |          |       9945.0       | -1049.2000000000014 | -398.39999999999924 |       8497.4       |
|    Imitation    |          |       8275.0       | -1117.6000000000033 | -297.7999999999995  | 6859.599999999998  |
|      MCTS       |          |       8070.0       | -1079.2000000000012 | -494.79999999999956 |       6496.0       |
|     Dataset     |          |       6716.0       | -1389.9999999999993 | -247.00000000000003 | 5079.000000000001  |
|    Bayesian     |          |       6734.0       | -1332.8000000000031 | -406.7999999999994  | 4994.399999999998  |
|   Q Learning    |          |       3921.0       | -1336.400000000004  | -408.1999999999994  | 2176.3999999999965 |
+-----------------+----------+--------------------+---------------------+---------------------+--------------------+



Training Rounds
Testing Rounds


Testing Scores



WORST 10 AGENTS
+-----------------+----------+--------------------+---------------------+---------------------+--------------------+
|   Agent Type    | Agent ID | Negotiation Reward |   Length Penalty    |  Fairness Penalty   |    Final Score     |
+-----------------+----------+--------------------+---------------------+---------------------+--------------------+
|   Q Learning    |    3     |        4166        | -1301.000000000004  | -399.99999999999955 | 2464.9999999999964 |
|     Dataset     |    5     |        6977        | -1390.1999999999998 | -254.80000000000004 |       5332.0       |
|    Bayesian     |    0     |        7241        | -1314.2000000000014 | -421.59999999999974 | 5505.199999999999  |
|      MCTS       |    2     |        8177        | -1062.2000000000005 | -479.59999999999934 |       6635.2       |
|    Imitation    |    1     |        8264        | -1083.400000000001  | -292.49999999999955 | 6888.0999999999985 |
| Deep Q Learning |    4     |        9948        | -1049.3999999999999 | -391.69999999999965 | 8506.900000000001  |
+-----------------+----------+--------------------+---------------------+---------------------+--------------------+



BEST 10 AGENTS
+-----------------+----------+--------------------+---------------------+---------------------+--------------------+
|   Agent Type    | Agent ID | Negotiation Reward |   Length Penalty    |  Fairness Penalty   |    Final Score     |
+-----------------+----------+--------------------+---------------------+---------------------+--------------------+
| Deep Q Learning |    4     |        9948        | -1049.3999999999999 | -391.69999999999965 | 8506.900000000001  |
|    Imitation    |    1     |        8264        | -1083.400000000001  | -292.49999999999955 | 6888.0999999999985 |
|      MCTS       |    2     |        8177        | -1062.2000000000005 | -479.59999999999934 |       6635.2       |
|    Bayesian     |    0     |        7241        | -1314.2000000000014 | -421.59999999999974 | 5505.199999999999  |
|     Dataset     |    5     |        6977        | -1390.1999999999998 | -254.80000000000004 |       5332.0       |
|   Q Learning    |    3     |        4166        | -1301.000000000004  | -399.99999999999955 | 2464.9999999999964 |
+-----------------+----------+--------------------+---------------------+---------------------+--------------------+



COMBINED SCORE FOR EVERY AGENT TYPE
+-----------------+----------+--------------------+---------------------+---------------------+--------------------+
|   Agent Type    | Agent ID | Negotiation Reward |   Length Penalty    |  Fairness Penalty   |    Final Score     |
+-----------------+----------+--------------------+---------------------+---------------------+--------------------+
| Deep Q Learning |          |       9948.0       | -1049.3999999999999 | -391.69999999999965 | 8506.900000000001  |
|    Imitation    |          |       8264.0       | -1083.400000000001  | -292.49999999999955 | 6888.0999999999985 |
|      MCTS       |          |       8177.0       | -1062.2000000000005 | -479.59999999999934 |       6635.2       |
|    Bayesian     |          |       7241.0       | -1314.2000000000014 | -421.59999999999974 | 5505.199999999999  |
|     Dataset     |          |       6977.0       | -1390.1999999999998 | -254.80000000000004 |       5332.0       |
|   Q Learning    |          |       4166.0       | -1301.000000000004  | -399.99999999999955 | 2464.9999999999964 |
+-----------------+----------+--------------------+---------------------+---------------------+--------------------+



Training Rounds
Testing Rounds


Testing Scores



WORST 10 AGENTS
+-----------------+----------+--------------------+---------------------+---------------------+--------------------+
|   Agent Type    | Agent ID | Negotiation Reward |   Length Penalty    |  Fairness Penalty   |    Final Score     |
+-----------------+----------+--------------------+---------------------+---------------------+--------------------+
|   Q Learning    |    4     |        2915        | -1513.8000000000065 |       -410.6        | 990.5999999999934  |
|   Q Learning    |    1     |        2943        | -1487.4000000000083 | -366.9999999999998  | 1088.599999999992  |
| Deep Q Learning |    5     |        5860        | -1629.2000000000098 | -383.2999999999999  | 3847.4999999999905 |
|      MCTS       |    3     |        7302        | -1158.600000000003  | -572.2999999999996  | 5571.099999999998  |
|      MCTS       |    0     |        7221        | -1087.6000000000024 |  -541.699999999999  | 5591.699999999999  |
| Deep Q Learning |    2     |        8595        | -1212.200000000004  | -454.29999999999916 | 6928.499999999996  |
+-----------------+----------+--------------------+---------------------+---------------------+--------------------+



BEST 10 AGENTS
+-----------------+----------+--------------------+---------------------+---------------------+--------------------+
|   Agent Type    | Agent ID | Negotiation Reward |   Length Penalty    |  Fairness Penalty   |    Final Score     |
+-----------------+----------+--------------------+---------------------+---------------------+--------------------+
| Deep Q Learning |    2     |        8595        | -1212.200000000004  | -454.29999999999916 | 6928.499999999996  |
|      MCTS       |    0     |        7221        | -1087.6000000000024 |  -541.699999999999  | 5591.699999999999  |
|      MCTS       |    3     |        7302        | -1158.600000000003  | -572.2999999999996  | 5571.099999999998  |
| Deep Q Learning |    5     |        5860        | -1629.2000000000098 | -383.2999999999999  | 3847.4999999999905 |
|   Q Learning    |    1     |        2943        | -1487.4000000000083 | -366.9999999999998  | 1088.599999999992  |
|   Q Learning    |    4     |        2915        | -1513.8000000000065 |       -410.6        | 990.5999999999934  |
+-----------------+----------+--------------------+---------------------+---------------------+--------------------+



COMBINED SCORE FOR EVERY AGENT TYPE
+-----------------+----------+--------------------+--------------------+---------------------+--------------------+
|   Agent Type    | Agent ID | Negotiation Reward |   Length Penalty   |  Fairness Penalty   |    Final Score     |
+-----------------+----------+--------------------+--------------------+---------------------+--------------------+
|      MCTS       |          |      3630.75       | -561.5500000000013 | -278.49999999999966 | 2790.6999999999994 |
| Deep Q Learning |          |      3613.75       | -710.3500000000034 | -209.39999999999975 | 2693.999999999997  |
|   Q Learning    |          |       1464.5       | -750.3000000000037 | -194.39999999999995 | 519.7999999999963  |
+-----------------+----------+--------------------+--------------------+---------------------+--------------------+



Training Rounds
Testing Rounds


Testing Scores



WORST 10 AGENTS
+-----------------+----------+--------------------+---------------------+---------------------+-------------------+
|   Agent Type    | Agent ID | Negotiation Reward |   Length Penalty    |  Fairness Penalty   |    Final Score    |
+-----------------+----------+--------------------+---------------------+---------------------+-------------------+
|   Q Learning    |    2     |        3477        | -1423.0000000000055 | -452.79999999999956 | 1601.199999999995 |
| Deep Q Learning |    3     |        7217        | -1533.2000000000075 | -464.3999999999999  | 5219.399999999992 |
|      MCTS       |    0     |        7017        | -1182.0000000000014 | -551.5999999999995  | 5283.399999999999 |
|      MCTS       |    1     |        7200        | -1211.0000000000032 | -522.9999999999997  | 5465.999999999996 |
+-----------------+----------+--------------------+---------------------+---------------------+-------------------+



BEST 10 AGENTS
+-----------------+----------+--------------------+---------------------+---------------------+-------------------+
|   Agent Type    | Agent ID | Negotiation Reward |   Length Penalty    |  Fairness Penalty   |    Final Score    |
+-----------------+----------+--------------------+---------------------+---------------------+-------------------+
|      MCTS       |    1     |        7200        | -1211.0000000000032 | -522.9999999999997  | 5465.999999999996 |
|      MCTS       |    0     |        7017        | -1182.0000000000014 | -551.5999999999995  | 5283.399999999999 |
| Deep Q Learning |    3     |        7217        | -1533.2000000000075 | -464.3999999999999  | 5219.399999999992 |
|   Q Learning    |    2     |        3477        | -1423.0000000000055 | -452.79999999999956 | 1601.199999999995 |
+-----------------+----------+--------------------+---------------------+---------------------+-------------------+



COMBINED SCORE FOR EVERY AGENT TYPE
+-----------------+----------+--------------------+---------------------+---------------------+--------------------+
|   Agent Type    | Agent ID | Negotiation Reward |   Length Penalty    |  Fairness Penalty   |    Final Score     |
+-----------------+----------+--------------------+---------------------+---------------------+--------------------+
| Deep Q Learning |          |       7217.0       | -1533.2000000000075 | -464.3999999999999  | 5219.399999999992  |
|      MCTS       |          |      3554.25       | -598.2500000000011  | -268.64999999999975 | 2687.3499999999995 |
|   Q Learning    |          |       3477.0       | -1423.0000000000055 | -452.79999999999956 | 1601.199999999995  |
+-----------------+----------+--------------------+---------------------+---------------------+--------------------+



Training Rounds
Testing Rounds


Testing Scores



WORST 10 AGENTS
+-----------------+----------+--------------------+---------------------+---------------------+--------------------+
|   Agent Type    | Agent ID | Negotiation Reward |   Length Penalty    |  Fairness Penalty   |    Final Score     |
+-----------------+----------+--------------------+---------------------+---------------------+--------------------+
|   Q Learning    |    2     |        3463        | -1375.6000000000051 | -502.89999999999975 | 1584.4999999999955 |
| Deep Q Learning |    3     |        4725        | -1749.4000000000092 | -321.59999999999974 | 2653.999999999991  |
|      MCTS       |    1     |        5916        | -1252.0000000000034 | -578.0999999999995  | 4085.899999999997  |
| Deep Q Learning |    0     |        7999        | -1348.600000000004  | -461.19999999999993 | 6189.199999999996  |
+-----------------+----------+--------------------+---------------------+---------------------+--------------------+



BEST 10 AGENTS
+-----------------+----------+--------------------+---------------------+---------------------+--------------------+
|   Agent Type    | Agent ID | Negotiation Reward |   Length Penalty    |  Fairness Penalty   |    Final Score     |
+-----------------+----------+--------------------+---------------------+---------------------+--------------------+
| Deep Q Learning |    0     |        7999        | -1348.600000000004  | -461.19999999999993 | 6189.199999999996  |
|      MCTS       |    1     |        5916        | -1252.0000000000034 | -578.0999999999995  | 4085.899999999997  |
| Deep Q Learning |    3     |        4725        | -1749.4000000000092 | -321.59999999999974 | 2653.999999999991  |
|   Q Learning    |    2     |        3463        | -1375.6000000000051 | -502.89999999999975 | 1584.4999999999955 |
+-----------------+----------+--------------------+---------------------+---------------------+--------------------+



COMBINED SCORE FOR EVERY AGENT TYPE
+-----------------+----------+--------------------+---------------------+---------------------+--------------------+
|   Agent Type    | Agent ID | Negotiation Reward |   Length Penalty    |  Fairness Penalty   |    Final Score     |
+-----------------+----------+--------------------+---------------------+---------------------+--------------------+
|      MCTS       |          |       5916.0       | -1252.0000000000034 | -578.0999999999995  | 4085.899999999997  |
| Deep Q Learning |          |       3181.0       | -774.5000000000033  | -195.69999999999993 | 2210.799999999997  |
|   Q Learning    |          |       3463.0       | -1375.6000000000051 | -502.89999999999975 | 1584.4999999999955 |
+-----------------+----------+--------------------+---------------------+---------------------+--------------------+



Training Rounds
Testing Rounds


Testing Scores



WORST 10 AGENTS
+-----------------+----------+--------------------+---------------------+---------------------+--------------------+
|   Agent Type    | Agent ID | Negotiation Reward |   Length Penalty    |  Fairness Penalty   |    Final Score     |
+-----------------+----------+--------------------+---------------------+---------------------+--------------------+
|   Q Learning    |    2     |        1978        | -1719.2000000000107 | -291.20000000000005 | -32.40000000001078 |
|   Q Learning    |    0     |        2285        | -1650.6000000000101 | -277.49999999999994 | 356.8999999999899  |
| Deep Q Learning |    3     |        6751        | -1578.4000000000092 |       -434.7        | 4737.899999999991  |
|      MCTS       |    1     |        6826        | -1360.6000000000054 | -505.79999999999984 | 4959.599999999994  |
+-----------------+----------+--------------------+---------------------+---------------------+--------------------+



BEST 10 AGENTS
+-----------------+----------+--------------------+---------------------+---------------------+--------------------+
|   Agent Type    | Agent ID | Negotiation Reward |   Length Penalty    |  Fairness Penalty   |    Final Score     |
+-----------------+----------+--------------------+---------------------+---------------------+--------------------+
|      MCTS       |    1     |        6826        | -1360.6000000000054 | -505.79999999999984 | 4959.599999999994  |
| Deep Q Learning |    3     |        6751        | -1578.4000000000092 |       -434.7        | 4737.899999999991  |
|   Q Learning    |    0     |        2285        | -1650.6000000000101 | -277.49999999999994 | 356.8999999999899  |
|   Q Learning    |    2     |        1978        | -1719.2000000000107 | -291.20000000000005 | -32.40000000001078 |
+-----------------+----------+--------------------+---------------------+---------------------+--------------------+



COMBINED SCORE FOR EVERY AGENT TYPE
+-----------------+----------+--------------------+---------------------+---------------------+-------------------+
|   Agent Type    | Agent ID | Negotiation Reward |   Length Penalty    |  Fairness Penalty   |    Final Score    |
+-----------------+----------+--------------------+---------------------+---------------------+-------------------+
|      MCTS       |          |       6826.0       | -1360.6000000000054 | -505.79999999999984 | 4959.599999999994 |
| Deep Q Learning |          |       6751.0       | -1578.4000000000092 |       -434.7        | 4737.899999999991 |
|   Q Learning    |          |      1065.75       | -842.4500000000053  |      -142.175       | 81.12499999999471 |
+-----------------+----------+--------------------+---------------------+---------------------+-------------------+



